00000001
00000002
00000003
00000004
00000005
00000006
00000007
00000010
00000011
00000012
00000013
00000015
00000016
00000017
00000018
00000019
00000020
00000021
00000022
00000023
00000024
00000025
00000026
00000027
00000029
00000030
00000031
00000032
00000034
00000035
00000036
00000037
00000038
00000039
00000040
00000041
00000043
00000044
00000045
00000046
00000047
00000048
00000049
00000050
00000051
00000052
00000053
00000055
00000056
00000057
00000058
00000059
00000060
00000061
00000062
00000064
00000066
00000067
00000068
00000070
00000072
00000073
00000074
00000075
00000076
00000077
00000078
00000079
00000080
00000081
00000082
00000083
00000084
00000086
00000087
00000088
00000089
00000091
00000092
00000093
00000094
00000096
00000097
00000098
00000099
00000100
00000101
00000102
00000103
00000104
00000106
00000107
00000108
00000109
00000110
00000111
00000113
00000114
00000116
00000117
00000119
00000120
00000122
00000124
00000125
00000127
00000128
00000129
00000130
00000131
00000132
00000133
00000136
00000137
00000138
00000139
00000140
00000141
00000142
00000143
00000144
00000145
00000147
00000148
00000149
00000150
00000151
00000152
00000153
00000154
00000155
00000156
00000157
00000158
00000159
00000160
00000161
00000162
00000163
00000164
00000165
00000166
00000167
00000168
00000170
00000171
00000172
00000174
00000175
00000176
00000178
00000179
00000180
00000181
00000182
00000183
00000184
00000185
00000186
00000187
00000188
00000189
00000191
00000192
00000193
00000194
00000195
00000196
00000197
00000198
00000199
00000200
00000201
00000202
00000203
00000204
00000205
00000207
00000209
00000210
00000211
00000212
00000214
00000215
00000216
00000217
00000219
00000220
00000221
00000222
00000225
00000226
00000227
00000228
00000229
00000230
00000231
00000232
00000233
00000234
00000235
00000236
00000237
00000238
00000239
00000240
00000241
00000242
00000243
00000244
00000245
00000246
00000247
00000248
00000249
00000250
00000251
00000252
00000253
00000254
00000255
00000256
00000257
00000258
00000259
00000260
00000261
00000262
00000263
00000264
00000265
00000267
00000268
00000269
00000270
00000271
00000272
00000273
00000274
00000276
00000277
00000278
00000279
00000280
00000281
00000283
00000284
00000285
00000286
00000287
00000289
00000290
00000291
00000292
00000293
00000294
00000296
00000297
00000298
00000299
00000300
00000301
00000302
00000303
00000304
00000305
00000306
00000307
00000308
00000309
00000310
00000311
00000312
00000313
00000314
00000316
00000317
00000318
00000319
00000320
00000321
00000322
00000323
00000324
00000325
00000326
00000327
00000328
00000329
00000330
00000332
00000333
00000334
00000335
00000336
00000337
00000338
00000339
00000340
00000341
00000342
00000344
00000345
00000346
00000348
00000349
00000350
00000351
00000352
00000353
00000354
00000355
00000356
00000357
00000358
00000360
00000361
00000362
00000363
00000364
00000365
00000366
00000367
00000368
00000369
00000370
00000371
00000372
00000373
00000374
00000375
00000376
00000377
00000378
00000379
00000380
00000382
00000383
00000384
00000385
00000386
00000387
00000388
00000389
00000390
00000391
00000392
00000393
00000394
00000395
00000396
00000397
00000398
00000399
00000400
00000401
00000402
00000403
00000404
00000405
00000406
00000407
00000408
00000409
00000410
00000411
00000412
00000413
00000415
00000418
00000420
00000421
00000422
00000424
00000425
00000426
00000428
00000429
00000430
00000431
00000432
00000433
00000435
00000436
00000437
00000438
00000439
00000440
00000441
00000442
00000443
00000444
00000445
00000446
00000447
00000448
00000449
00000450
00000451
00000452
00000454
00000455
00000456
00000457
00000459
00000460
00000461
00000462
00000463
00000464
00000465
00000466
00000467
00000468
00000469
00000470
00000471
00000472
00000473
00000475
00000477
00000478
00000479
00000480
00000481
00000482
00000483
00000484
00000485
00000486
00000487
00000489
00000490
00000491
00000492
00000493
00000494
00000495
00000496
00000497
00000498
00000499
00000500
00000501
00000502
00000503
00000504
00000505
00000506
00000507
00000509
00000510
00000511
00000512
00000513
00000517
00000518
00000520
00000521
00000522
00000523
00000525
00000526
00000527
00000529
00000530
00000531
00000532
00000533
00000534
00000535
00000536
00000537
00000538
00000540
00000541
00000543
00000544
00000545
00000547
00000548
00000549
00000550
00000551
00000552
00000553
00000554
00000556
00000557
00000558
00000559
00000560
00000561
00000562
00000563
00000564
00000565
00000567
00000568
00000569
00000570
00000571
00000572
00000573
00000576
00000577
00000578
00000579
00000580
00000581
00000582
00000583
00000584
00000585
00000586
00000587
00000588
00000589
00000590
00000591
00000592
00000593
00000594
00000595
00000596
00000597
00000598
00000599
00000600
00000601
00000602
00000603
00000604
00000605
00000606
00000607
00000608
00000609
00000610
00000611
00000612
00000613
00000614
00000615
00000616
00000617
00000619
00000620
00000621
00000622
00000623
00000624
00000626
00000627
00000628
00000629
00000631
00000632
00000633
00000634
00000635
00000636
00000637
00000638
00000639
00000640
00000642
00000643
00000644
00000645
00000646
00000649
00000650
00000651
00000652
00000653
00000654
00000655
00000656
00000657
00000658
00000659
00000660
00000661
00000663
00000664
00000665
00000666
00000667
00000668
00000669
00000670
00000671
00000672
00000673
00000674
00000675
00000676
00000677
00000678
00000679
00000680
00000681
00000682
00000683
00000685
00000686
00000687
00000688
00000691
00000692
00000693
00000695
00000696
00000697
00000698
00000699
00000700
00000701
00000702
00000703
00000705
00000706
00000707
00000708
00000709
00000710
00000711
00000712
00000713
00000714
00000715
00000716
00000717
00000718
00000720
00000721
00000723
00000724
00000725
00000726
00000727
00000728
00000729
00000730
00000731
00000732
00000733
00000734
00000735
00000736
00000737
00000738
00000739
00000740
00000741
00000742
00000743
00000744
00000745
00000746
00000747
00000749
00000750
00000751
00000752
00000753
00000754
00000755
00000757
00000759
00000760
00000761
00000762
00000764
00000765
00000766
00000767
00000768
00000769
00000770
00000771
00000772
00000773
00000774
00000775
00000777
00000778
00000779
00000780
00000782
00000783
00000784
00000785
00000786
00000787
00000789
00000790
00000791
00000792
00000793
00000794
00000797
00000798
00000799
00000800
00000801
00000802
00000803
00000804
00000805
00000806
00000807
00000808
00000809
00000810
00000811
00000812
00000813
00000814
00000815
00000816
00000817
00000818
00000819
00000820
00000821
00000822
00000824
00000825
00000826
00000827
00000828
00000829
00000830
00000831
00000832
00000833
00000834
00000835
00000836
00000837
00000838
00000839
00000840
00000842
00000843
00000844
00000845
00000846
00000847
00000848
00000849
00000850
00000852
00000853
00000854
00000855
00000856
00000857
00000858
00000859
00000860
00000861
00000863
00000864
00000865
00000866
00000867
00000868
00000869
00000870
00000871
00000872
00000874
00000875
00000876
00000877
00000878
00000879
00000880
00000881
00000882
00000883
00000884
00000885
00000886
00000887
00000888
00000889
00000891
00000892
00000894
00000895
00000896
00000897
00000898
00000899
00000900
00000901
00000902
00000903
00000904
00000905
00000906
00000909
00000910
00000911
00000912
00000913
00000914
00000915
00000916
00000917
00000918
00000919
00000920
00000921
00000922
00000923
00000924
00000925
00000926
00000927
00000928
00000929
00000930
00000931
00000932
00000934
00000935
00000936
00000937
00000938
00000939
00000940
00000941
00000942
00000943
00000944
00000945
00000947
00000948
00000949
00000950
00000952
00000953
00000954
00000956
00000957
00000958
00000959
00000960
00000961
00000962
00000963
00000964
00000965
00000966
00000967
00000968
00000969
00000970
00000971
00000972
00000974
00000975
00000976
00000977
00000979
00000980
00000981
00000982
00000983
00000985
00000986
00000988
00000989
00000990
00000991
00000992
00000993
00000994
00000995
00000996
00000997
00000998
00000999
00001000
00001001
00001002
00001003
00001004
00001005
00001006
00001007
00001008
00001009
00001010
00001013
00001014
00001015
00001016
00001017
00001018
00001019
00001020
00001021
00001022
00001023
00001024
00001025
00001027
00001028
00001029
00001030
00001031
00001032
00001033
00001034
00001035
00001036
00001037
00001038
00001039
00001040
00001041
00001042
00001043
00001044
00001045
00001046
00001047
00001048
00001049
00001050
00001051
00001052
00001053
00001055
00001056
00001057
00001058
00001059
00001061
00001062
00001064
00001065
00001066
00001067
00001068
00001070
00001071
00001072
00001073
00001074
00001075
00001076
00001077
00001078
00001079
00001080
00001081
00001082
00001083
00001084
00001085
00001086
00001087
00001088
00001089
00001090
00001091
00001092
00001093
00001094
00001095
00001096
00001097
00001098
00001100
00001101
00001102
00001103
00001104
00001105
00001106
00001107
00001108
00001109
00001110
00001111
00001112
00001113
00001114
00001115
00001116
00001117
00001118
00001119
00001120
00001121
00001123
00001124
00001125
00001127
00001128
00001129
00001130
00001131
00001132
00001133
00001134
00001135
00001136
00001137
00001138
00001140
00001141
00001142
00001143
00001144
00001145
00001146
00001147
00001148
00001150
00001152
00001153
00001154
00001155
00001156
00001157
00001159
00001160
00001161
00001162
00001163
00001164
00001165
00001166
00001167
00001168
00001169
00001170
00001171
00001172
00001173
00001174
00001176
00001177
00001178
00001179
00001180
00001181
00001182
00001183
00001184
00001185
00001186
00001187
00001188
00001189
00001190
00001191
00001192
00001193
00001194
00001195
00001196
00001197
00001199
00001200
00001201
00001202
00001203
00001205
00001206
00001209
00001210
00001211
00001212
00001213
00001214
00001215
00001216
00001217
00001219
00001220
00001221
00001222
00001223
00001224
00001225
00001226
00001227
00001228
00001229
00001230
00001233
00001234
00001235
00001236
00001237
00001239
00001240
00001241
00001242
00001243
00001244
00001245
00001246
00001247
00001248
00001249
00001251
00001252
00001253
00001254
00001255
00001258
00001259
00001260
00001262
00001264
00001265
00001266
00001267
00001268
00001269
00001270
00001271
00001272
00001274
00001275
00001276
00001277
00001278
00001280
00001282
00001283
00001284
00001285
00001286
00001287
00001288
00001289
00001290
00001291
00001292
00001293
00001294
00001295
00001296
00001297
00001298
00001300
00001301
00001302
00001303
00001304
00001305
00001306
00001307
00001308
00001309
00001310
00001311
00001312
00001314
00001315
00001316
00001318
00001319
00001321
00001322
00001323
00001324
00001325
00001326
00001327
00001328
00001329
00001331
00001333
00001334
00001335
00001336
00001338
00001339
00001340
00001341
00001343
00001344
00001345
00001346
00001347
00001349
00001350
00001351
00001352
00001354
00001355
00001356
00001357
00001358
00001359
00001360
00001361
00001362
00001363
00001364
00001365
00001366
00001367
00001368
00001369
00001370
00001371
00001372
00001373
00001374
00001375
00001376
00001378
00001379
00001381
00001382
00001383
00001385
00001386
00001387
00001388
00001389
00001390
00001391
00001393
00001394
00001395
00001396
00001397
00001398
00001399
00001401
00001402
00001403
00001404
00001405
00001406
00001407
00001408
00001409
00001410
00001411
00001412
00001413
00001414
00001415
00001416
00001418
00001419
00001420
00001421
00001422
00001423
00001424
00001427
00001428
00001429
00001430
00001431
00001432
00001433
00001434
00001435
00001436
00001437
00001438
00001439
00001440
00001443
00001444
00001445
00001446
00001447
00001448
00001449
00001451
00001452
00001453
00001454
00001455
00001456
00001457
00001458
00001459
00001460
00001461
00001462
00001463
00001464
00001465
00001466
00001467
00001468
00001469
00001470
00001471
00001472
00001474
00001476
00001477
00001478
00001479
00001480
00001481
00001482
00001483
00001484
00001485
00001486
00001487
00001488
00001489
00001490
00001491
00001492
00001494
00001495
00001496
00001497
00001499
00001500
00001501
00001502
00001503
00001504
00001505
00001506
00001507
00001508
00001510
00001511
00001512
00001513
00001514
00001515
00001516
00001518
00001519
00001520
00001521
00001522
00001523
00001524
00001525
00001526
00001527
00001528
00001529
00001530
00001531
00001533
00001534
00001535
00001536
00001538
00001540
00001542
00001543
00001544
00001545
00001547
00001548
00001549
00001550
00001551
00001552
00001554
00001555
00001556
00001557
00001558
00001559
00001560
00001561
00001562
00001563
00001564
00001565
00001566
00001567
00001568
00001569
00001570
00001571
00001572
00001573
00001574
00001575
00001577
00001578
00001579
00001580
00001581
00001582
00001583
00001584
00001585
00001586
00001587
00001588
00001589
00001590
00001591
00001592
00001593
00001594
00001595
00001596
00001597
00001598
00001599
00001601
00001602
00001604
00001605
00001606
00001607
00001608
00001609
00001610
00001611
00001612
00001613
00001614
00001615
00001616
00001617
00001618
00001619
00001621
00001622
00001623
00001624
00001625
00001626
00001627
00001628
00001631
00001632
00001633
00001634
00001635
00001636
00001637
00001638
00001639
00001640
00001641
00001642
00001643
00001644
00001645
00001646
00001647
00001648
00001649
00001652
00001653
00001654
00001655
00001656
00001658
00001659
00001660
00001661
00001664
00001665
00001666
00001667
00001668
00001669
00001670
00001671
00001672
00001673
00001674
00001675
00001676
00001677
00001678
00001679
00001680
00001681
00001682
00001683
00001684
00001685
00001687
00001688
00001689
00001690
00001691
00001692
00001693
00001694
00001695
00001696
00001697
00001698
00001699
00001700
00001701
00001702
00001703
00001704
00001705
00001706
00001707
00001708
00001709
00001711
00001712
00001713
00001714
00001715
00001716
00001717
00001718
00001719
00001720
00001721
00001722
00001723
00001724
00001725
00001726
00001727
00001728
00001729
00001730
00001732
00001733
00001734
00001735
00001736
00001737
00001738
00001739
00001740
00001741
00001742
00001743
00001744
00001745
00001746
00001747
00001748
00001749
00001750
00001751
00001752
00001753
00001755
00001756
00001757
00001758
00001759
00001760
00001761
00001763
00001764
00001765
00001766
00001767
00001768
00001769
00001770
00001771
00001772
00001773
00001774
00001775
00001776
00001777
00001778
00001779
00001780
00001781
00001782
00001783
00001784
00001785
00001786
00001787
00001788
00001789
00001790
00001791
00001792
00001793
00001794
00001795
00001796
00001797
00001798
00001799
00001800
00001801
00001802
00001803
00001804
00001805
00001806
00001807
00001808
00001809
00001810
00001811
00001812
00001813
00001814
00001815
00001816
00001818
00001819
00001820
00001821
00001822
00001823
00001824
00001825
00001826
00001827
00001829
00001830
00001832
00001833
00001834
00001835
00001836
00001838
00001839
00001840
00001841
00001842
00001843
00001844
00001845
00001846
00001847
00001848
00001849
00001850
00001851
00001852
00001853
00001854
00001855
00001856
00001857
00001858
00001859
00001860
00001861
00001862
00001863
00001864
00001865
00001866
00001867
00001868
00001869
00001871
00001872
00001873
00001874
00001875
00001876
00001877
00001878
00001879
00001880
00001882
00001883
00001884
00001886
00001887
00001888
00001889
00001890
00001891
00001892
00001893
00001894
00001895
00001896
00001897
00001898
00001899
00001900
00001901
00001902
00001903
00001904
00001905
00001906
00001907
00001908
00001909
00001910
00001911
00001912
00001914
00001915
00001916
00001917
00001918
00001919
00001920
00001921
00001922
00001923
00001924
00001925
00001926
00001927
00001928
00001929
00001930
00001931
00001932
00001933
00001934
00001935
00001937
00001938
00001939
00001940
00001941
00001942
00001943
00001944
00001945
00001946
00001948
00001949
00001950
00001952
00001953
00001954
00001955
00001956
00001957
00001958
00001959
00001960
00001961
00001962
00001963
00001964
00001965
00001966
00001967
00001968
00001969
00001971
00001972
00001974
00001975
00001976
00001977
00001978
00001979
00001980
00001981
00001982
00001983
00001984
00001985
00001986
00001987
00001988
00001989
00001990
00001991
00001992
00001993
00001994
00001995
00001996
00001997
00001998
00001999
00002000
00002001
00002002
00002004
00002005
00002006
00002007
00002008
00002009
00002011
00002013
00002014
00002015
00002016
00002017
00002018
00002019
00002020
00002021
00002022
00002023
00002024
00002025
00002026
00002027
00002028
00002029
00002030
00002031
00002032
00002033
00002034
00002035
00002037
00002038
00002039
00002040
00002041
00002042
00002044
00002046
00002047
00002049
00002050
00002051
00002052
00002053
00002054
00002055
00002056
00002057
00002058
00002059
00002060
00002061
00002062
00002063
00002064
00002065
00002066
00002067
00002068
00002069
00002070
00002072
00002073
00002074
00002075
00002076
00002077
00002078
00002079
00002081
00002082
00002083
00002084
00002085
00002086
00002087
00002089
00002090
00002091
00002094
00002095
00002096
00002097
00002098
00002099
00002102
00002103
00002104
00002106
00002107
00002108
00002109
00002111
00002112
00002113
00002114
00002115
00002116
00002117
00002118
00002119
00002120
00002121
00002122
00002123
00002124
00002125
00002126
00002127
00002128
00002129
00002131
00002132
00002133
00002134
00002135
00002136
00002137
00002138
00002139
00002140
00002141
00002142
00002143
00002144
00002145
00002146
00002147
00002148
00002149
00002150
00002151
00002152
00002153
00002154
00002155
00002156
00002157
00002158
00002159
00002161
00002162
00002163
00002164
00002165
00002166
00002167
00002168
00002169
00002170
00002171
00002172
00002173
00002174
00002175
00002176
00002177
00002178
00002179
00002180
00002182
00002183
00002184
00002185
00002186
00002187
00002188
00002189
00002190
00002191
00002192
00002193
00002194
00002195
00002196
00002197
00002198
00002199
00002200
00002201
00002202
00002203
00002204
00002205
00002206
00002207
00002208
00002209
00002210
00002211
00002212
00002213
00002214
00002215
00002216
00002218
00002219
00002221
00002223
00002224
00002225
00002226
00002227
00002228
00002229
00002230
00002231
00002232
00002233
00002234
00002235
00002236
00002237
00002241
00002242
00002243
00002244
00002245
00002246
00002247
00002248
00002249
00002250
00002252
00002253
00002254
00002255
00002257
00002258
00002259
00002260
00002261
00002262
00002263
00002264
00002265
00002266
00002267
00002268
00002269
00002270
00002271
00002272
00002273
00002274
00002275
00002276
00002277
00002279
00002280
00002281
00002282
00002283
00002284
00002285
00002286
00002288
00002290
00002291
00002292
00002294
00002296
00002297
00002298
00002299
00002300
00002301
00002302
00002305
00002306
00002307
00002308
00002309
00002310
00002311
00002312
00002313
00002314
00002315
00002316
00002317
00002318
00002319
00002320
00002321
00002322
00002323
00002324
00002325
00002326
00002328
00002329
00002330
00002331
00002332
00002333
00002334
00002335
00002336
00002338
00002340
00002341
00002342
00002343
00002344
00002345
00002346
00002349
00002350
00002351
00002352
00002353
00002354
00002355
00002356
00002357
00002358
00002359
00002360
00002361
00002362
00002363
00002364
00002365
00002367
00002368
00002369
00002370
00002371
00002372
00002373
00002374
00002375
00002376
00002377
00002378
00002379
00002380
00002381
00002382
00002383
00002384
00002385
00002386
00002387
00002388
00002389
00002390
00002391
00002392
00002393
00002394
00002395
00002396
00002397
00002398
00002399
00002400
00002401
00002402
00002403
00002404
00002405
00002406
00002407
00002408
00002409
00002410
00002411
00002412
00002413
00002414
00002415
00002416
00002417
00002418
00002419
00002420
00002421
00002422
00002423
00002424
00002425
00002426
00002427
00002428
00002429
00002430
00002431
00002433
00002434
00002435
00002436
00002438
00002440
00002441
00002442
00002443
00002444
00002445
00002446
00002447
00002448
00002449
00002450
00002452
00002453
00002454
00002455
00002457
00002458
00002459
00002460
00002461
00002462
00002465
00002466
00002468
00002469
00002470
00002471
00002472
00002473
00002474
00002475
00002476
00002477
00002478
00002479
00002481
00002482
00002483
00002484
00002485
00002486
00002487
00002488
00002489
00002490
00002491
00002492
00002493
00002494
00002495
00002496
00002497
00002498
00002499
00002500
00002501
00002502
00002504
00002505
00002507
00002508
00002509
00002510
00002511
00002512
00002513
00002514
00002517
00002518
00002519
00002520
00002521
00002522
00002523
00002524
00002525
00002526
00002527
00002528
00002529
00002530
00002531
00002532
00002534
00002535
00002537
00002538
00002540
00002541
00002542
00002543
00002544
00002545
00002546
00002547
00002548
00002549
00002550
00002551
00002553
00002554
00002555
00002556
00002557
00002558
00002560
00002562
00002563
00002564
00002565
00002566
00002568
00002569
00002570
00002571
00002572
00002573
00002574
00002575
00002576
00002577
00002578
00002581
00002582
00002583
00002584
00002585
00002586
00002587
00002588
00002589
00002590
00002591
00002592
00002593
00002594
00002595
00002596
00002597
00002599
00002600
00002601
00002602
00002603
00002604
00002605
00002606
00002607
00002608
00002609
00002610
00002611
00002612
00002613
00002614
00002615
00002616
00002617
00002618
00002619
00002620
00002621
00002622
00002623
00002624
00002625
00002626
00002627
00002628
00002629
00002630
00002632
00002633
00002634
00002635
00002636
00002637
00002638
00002639
00002640
00002642
00002643
00002644
00002645
00002646
00002647
00002648
00002649
00002651
00002652
00002653
00002654
00002655
00002656
00002657
00002658
00002659
00002660
00002661
00002662
00002664
00002665
00002666
00002667
00002668
00002670
00002671
00002672
00002673
00002674
00002675
00002676
00002677
00002678
00002679
00002680
00002681
00002682
00002684
00002685
00002686
00002687
00002688
00002689
00002690
00002691
00002693
00002694
00002695
00002696
00002697
00002698
00002699
00002700
00002701
00002702
00002703
00002704
00002705
00002706
00002707
00002708
00002709
00002710
00002711
00002713
00002714
00002715
00002716
00002718
00002719
00002720
00002721
00002722
00002723
00002724
00002725
00002726
00002727
00002729
00002730
00002731
00002732
00002733
00002734
00002735
00002736
00002737
00002738
00002739
00002740
00002741
00002743
00002744
00002745
00002746
00002747
00002748
00002749
00002750
00002752
00002753
00002754
00002755
00002757
00002758
00002759
00002760
00002761
00002762
00002763
00002764
00002765
00002767
00002768
00002769
00002770
00002771
00002772
00002773
00002774
00002775
00002776
00002777
00002778
00002779
00002780
00002781
00002782
00002783
00002785
00002786
00002788
00002789
00002790
00002791
00002792
00002793
00002794
00002796
00002797
00002798
00002799
00002800
00002801
00002803
00002804
00002805
00002806
00002807
00002809
00002810
00002811
00002812
00002813
00002814
00002815
00002816
00002817
00002818
00002819
00002820
00002821
00002822
00002823
00002825
00002827
00002828
00002829
00002830
00002831
00002832
00002833
00002834
00002835
00002836
00002837
00002838
00002839
00002840
00002841
00002842
00002843
00002844
00002845
00002846
00002847
00002848
00002849
00002851
00002852
00002853
00002854
00002855
00002856
00002857
00002858
00002859
00002860
00002861
00002862
00002863
00002864
00002865
00002867
00002869
00002870
00002871
00002872
00002873
00002874
00002875
00002876
00002877
00002878
00002879
00002880
00002881
00002882
00002883
00002884
00002885
00002886
00002887
00002888
00002889
00002891
00002892
00002893
00002894
00002896
00002897
00002899
00002900
00002901
00002902
00002903
00002904
00002905
00002906
00002907
00002908
00002909
00002910
00002911
00002912
00002913
00002914
00002915
00002916
00002917
00002918
00002919
00002920
00002921
00002922
00002923
00002924
00002925
00002926
00002927
00002928
00002929
00002930
00002931
00002932
00002933
00002934
00002935
00002936
00002937
00002938
00002939
00002940
00002941
00002942
00002943
00002944
00002945
00002946
00002947
00002948
00002949
00002950
00002951
00002952
00002953
00002954
00002955
00002956
00002957
00002958
00002959
00002962
00002963
00002964
00002965
00002966
00002967
00002968
00002969
00002970
00002971
00002972
00002973
00002974
00002975
00002976
00002977
00002978
00002979
00002980
00002981
00002982
00002983
00002984
00002985
00002986
00002987
00002988
00002989
00002990
00002991
00002992
00002993
00002994
00002995
00002996
00002997
00002998
00002999
00003001
00003002
00003003
00003004
00003005
00003006
00003008
00003009
00003010
00003011
00003012
00003013
00003014
00003015
00003016
00003017
00003018
00003019
00003020
00003021
00003022
00003023
00003024
00003025
00003027
00003028
00003029
00003030
00003031
00003032
00003033
00003034
00003035
00003036
00003037
00003039
00003040
00003041
00003042
00003043
00003044
00003046
00003047
00003048
00003049
00003050
00003051
00003052
00003053
00003054
00003055
00003056
00003057
00003058
00003059
00003060
00003061
00003062
00003063
00003064
00003066
00003067
00003068
00003069
00003070
00003071
00003072
00003073
00003074
00003075
00003076
00003077
00003078
00003080
00003081
00003082
00003083
00003084
00003085
00003086
00003087
00003088
00003089
00003090
00003094
00003096
00003097
00003098
00003099
00003100
00003101
00003102
00003103
00003104
00003105
00003106
00003107
00003108
00003109
00003110
00003111
00003112
00003113
00003114
00003116
00003117
00003118
00003120
00003121
00003122
00003124
00003125
00003126
00003127
00003129
00003130
00003131
00003132
00003133
00003134
00003135
00003136
00003137
00003138
00003140
00003141
00003142
00003143
00003144
00003145
00003146
00003147
00003148
00003149
00003150
00003151
00003152
00003153
00003155
00003156
00003157
00003158
00003159
00003160
00003162
00003165
00003166
00003167
00003168
00003170
00003171
00003172
00003173
00003174
00003175
00003176
00003177
00003178
00003179
00003180
00003181
00003182
00003183
00003186
00003187
00003188
00003189
00003190
00003191
00003192
00003193
00003194
00003195
00003196
00003197
00003198
00003199
00003200
00003201
00003202
00003203
00003204
00003205
00003206
00003207
00003209
00003210
00003211
00003212
00003213
00003214
00003215
00003216
00003218
00003219
00003220
00003221
00003222
00003224
00003228
00003229
00003230
00003231
00003232
00003233
00003234
00003235
00003236
00003237
00003238
00003239
00003240
00003242
00003243
00003244
00003245
00003246
00003247
00003248
00003249
00003250
00003251
00003252
00003254
00003255
00003256
00003257
00003258
00003259
00003260
00003261
00003262
00003264
00003265
00003266
00003267
00003269
00003270
00003271
00003272
00003273
00003274
00003275
00003277
00003278
00003279
00003280
00003281
00003282
00003283
00003284
00003285
00003286
00003287
00003288
00003289
00003290
00003291
00003292
00003294
00003296
00003297
00003298
00003299
00003300
00003301
00003302
00003303
00003304
00003305
00003306
00003308
00003309
00003310
00003311
00003312
00003313
00003314
00003315
00003316
00003319
00003320
00003321
00003322
00003323
00003324
00003325
00003326
00003327
00003328
00003329
00003330
00003331
00003332
00003333
00003334
00003335
00003336
00003338
00003339
00003340
00003341
00003342
00003343
00003344
00003345
00003346
00003348
00003349
00003350
00003351
00003352
00003354
00003355
00003356
00003357
00003358
00003359
00003360
00003361
00003362
00003363
00003364
00003365
00003366
00003367
00003368
00003369
00003370
00003371
00003372
00003373
00003374
00003375
00003376
00003377
00003378
00003379
00003380
00003382
00003383
00003385
00003386
00003387
00003388
00003389
00003390
00003391
00003392
00003393
00003394
00003395
00003396
00003397
00003398
00003399
00003400
00003403
00003404
00003405
00003406
00003407
00003408
00003409
00003410
00003411
00003412
00003413
00003414
00003415
00003416
00003417
00003418
00003419
00003420
00003422
00003423
00003424
00003425
00003426
00003427
00003428
00003429
00003430
00003431
00003432
00003433
00003435
00003436
00003437
00003438
00003439
00003442
00003443
00003444
00003445
00003446
00003448
00003449
00003450
00003451
00003452
00003453
00003454
00003455
00003457
00003458
00003459
00003460
00003461
00003462
00003463
00003464
00003465
00003466
00003467
00003468
00003469
00003470
00003471
00003473
00003474
00003475
00003476
00003477
00003478
00003480
00003481
00003482
00003483
00003484
00003485
00003486
00003487
00003488
00003489
00003490
00003491
00003492
00003493
00003494
00003495
00003496
00003497
00003498
00003499
00003500
00003501
00003502
00003503
00003504
00003505
00003506
00003507
00003508
00003509
00003510
00003511
00003512
00003513
00003514
00003515
00003516
00003518
00003519
00003521
00003522
00003523
00003524
00003525
00003529
00003530
00003531
00003532
00003534
00003535
00003537
00003538
00003539
00003540
00003541
00003542
00003543
00003544
00003545
00003546
00003547
00003548
00003549
00003550
00003551
00003552
00003553
00003554
00003555
00003557
00003558
00003560
00003561
00003562
00003563
00003564
00003566
00003567
00003568
00003569
00003570
00003571
00003572
00003573
00003574
00003575
00003576
00003577
00003578
00003579
00003580
00003582
00003583
00003584
00003585
00003586
00003587
00003588
00003589
00003590
00003591
00003592
00003593
00003594
00003595
00003596
00003597
00003598
00003599
00003601
00003602
00003603
00003604
00003605
00003607
00003608
00003609
00003610
00003611
00003612
00003613
00003614
00003615
00003616
00003617
00003618
00003619
00003620
00003621
00003622
00003623
00003624
00003625
00003626
00003627
00003628
00003630
00003631
00003632
00003633
00003635
00003636
00003637
00003640
00003641
00003642
00003643
00003644
00003645
00003646
00003647
00003648
00003649
00003650
00003651
00003652
00003653
00003654
00003655
00003656
00003657
00003658
00003659
00003660
00003661
00003662
00003664
00003665
00003666
00003667
00003668
00003669
00003670
00003672
00003673
00003674
00003675
00003676
00003677
00003678
00003679
00003680
00003681
00003682
00003683
00003684
00003685
00003686
00003688
00003689
00003690
00003691
00003692
00003693
00003695
00003697
00003698
00003699
00003700
00003701
00003702
00003703
00003704
00003705
00003706
00003707
00003708
00003709
00003710
00003711
00003712
00003713
00003715
00003717
00003718
00003719
00003720
00003721
00003722
00003723
00003724
00003725
00003726
00003727
00003728
00003729
00003730
00003732
00003733
00003734
00003735
00003736
00003737
00003738
00003739
00003740
00003741
00003742
00003743
00003744
00003745
00003746
00003747
00003748
00003749
00003750
00003751
00003752
00003753
00003754
00003755
00003756
00003757
00003758
00003759
00003760
00003761
00003762
00003763
00003764
00003765
00003766
00003767
00003768
00003769
00003770
00003771
00003772
00003773
00003774
00003775
00003777
00003778
00003779
00003780
00003782
00003783
00003784
00003786
00003787
00003788
00003789
00003790
00003793
00003794
00003795
00003796
00003797
00003798
00003799
00003800
00003801
00003802
00003803
00003804
00003805
00003806
00003807
00003810
00003811
00003812
00003813
00003814
00003815
00003816
00003817
00003818
00003819
00003820
00003821
00003822
00003823
00003824
00003825
00003826
00003827
00003828
00003829
00003830
00003831
00003832
00003833
00003834
00003835
00003836
00003837
00003838
00003839
00003840
00003841
00003842
00003844
00003845
00003846
00003847
00003848
00003850
00003851
00003852
00003853
00003854
00003855
00003856
00003857
00003859
00003860
00003861
00003862
00003863
00003864
00003865
00003866
00003867
00003869
00003870
00003871
00003872
00003873
00003874
00003876
00003877
00003878
00003879
00003880
00003882
00003883
00003884
00003885
00003886
00003888
00003889
00003890
00003891
00003892
00003893
00003894
00003895
00003896
00003897
00003899
00003900
00003901
00003902
00003903
00003904
00003905
00003906
00003908
00003909
00003910
00003911
00003912
00003913
00003914
00003915
00003916
00003917
00003918
00003919
00003920
00003921
00003922
00003924
00003925
00003926
00003927
00003928
00003929
00003930
00003931
00003932
00003934
00003935
00003936
00003937
00003938
00003940
00003941
00003942
00003943
00003944
00003945
00003946
00003947
00003949
00003950
00003951
00003952
00003953
00003954
00003955
00003957
00003959
00003960
00003961
00003962
00003963
00003964
00003965
00003966
00003967
00003970
00003971
00003972
00003973
00003975
00003976
00003977
00003978
00003979
00003980
00003981
00003982
00003983
00003984
00003985
00003986
00003987
00003988
00003989
00003990
00003991
00003992
00003994
00003995
00003996
00003997
00003998
00003999
00004000
00004002
00004003
00004004
00004005
00004006
00004007
00004008
00004009
00004011
00004012
00004013
00004014
00004015
00004016
